0.14207682
0.11826398
0.035073627
0.04578778
-0.08553231

0.13493262
0.15588094
0.034471504
0.045099426
-0.053138614

0.32991
0.26088756
0.03189119
0.041764792
0.09684104

0.23531415
0.2165287
0.032735564
0.043335695
0.027621925

0.35248557
0.26043874
0.032307215
0.04181947
0.09447467

0.2688555
0.23501928
0.032796334
0.043539673
0.018446624

0.11651664
0.1477707
0.034688685
0.0461958
-0.10496521

0.2827059
0.17832431
0.03482722
0.044599418
-0.029916286

0.20363703
0.15689008
0.03404305
0.04475206
-0.036978245

0.3096406
0.21818896
0.032097425
0.042172376
0.07912701

0.23714879
0.17100734
0.03333381
0.04327061
0.030540705

0.27760035
0.23536077
0.033503428
0.04357691
0.016766846

0.14180522
0.062337514
0.03660278
0.04770716
-0.17844868

0.18157275
0.14730065
0.03341582
0.043792807
0.0070004463

